23938449
23938450
23938451
23938452
23938455
23938456
23938457
23938458
23938459
23938460
23938461
23938462
23938463
23938464
23938465
23938466
23938468
23938469
23938471
23938472
23938473
23938474
23938475
23938476
23938477
23938478
23938479
23938480
23938481
23938482
23938483
23938484
23938485
23938486
23938487
23938488
23938489
23938490
23938491
23938492
23938493
23938494
23938495
23938496
23938497
23938498
23938499
23938500
23938501
23938502
23938503
23938504
23938505
23938506
23938507
23938508
23938509
23938510
23938511
23938512
23938513
23938514
23938515
23938516
23938517
23938518
23938519
23938520
23938521
23938522
23938523
23938524
23938525
23938526
23938527
23938528
23938295
23938296
23938297
23938298
23938299
23938300
23938301
23938302
23938303
23938304
23938305
23938306
23938307
23938308
23938309
23938310
23938311
23938312
23938313
23938314
23938315
23938316
23938317
23938318
23938319
23938320
23938321
23938322
23938323
23938324
23938325
23938326
23938327
23938328
23938329
23938330
23938331
23938332
23938333
23938334
23938335
23938336
23938337
23938338
23938339
23938340
23938341
23938342
23938343
23938344
23938345
23938346
23938347
23938348
23938349
23938350
23938351
23938352
23938353
23938354
23938355
23938356
23938357
23938358
23938359
23938360
23938361
23938362
23938363
23938364
23938365
23938366
23938367
23938368
23938369
23938370
23938681
23938682
23938683
23938684
23938685
23938686
23938687
23938688
23938689
23938690
23938691
23938692
23938693
23938694
23938695
23938696
23938697
23938698
23938699
23938700
23938701
23938702
23938703
23938704
23938705
23938706
23938707
23938708
23938709
23938710
23938711
23938712
23938713
23938714
23938715
23938716
23938717
23938718
23938719
23938720
23938721
23938722
23938723
23938724
23938725
23938726
23938727
23938728
23938729
23938730
23938731
23938732
23938733
23938734
23938735
23938736
23938737
23938738
23938739
23938740
23938741
23938742
23938743
23938744
23938745
23938746
23938747
23938748
23938749
23938750
23938751
23938752
23938753
23938754
23938755
23938756
23938529
23938530
23938531
23938532
23938533
23938534
23938535
23938536
23938537
23938538
23938539
23938540
23938541
23938542
23938543
23938544
23938545
23938546
23938547
23938548
23938549
23938550
23938551
23938552
23938553
23938554
23938555
23938556
23938557
23938558
23938559
23938560
23938561
23938562
23938563
23938564
23938565
23938566
23938567
23938568
23938569
23938570
23938571
23938572
23938573
23938574
23938575
23938576
23938577
23938578
23938579
23938580
23938581
23938582
23938583
23938584
23938585
23938586
23938587
23938588
23938589
23938590
23938591
23938592
23938593
23938594
23938595
23938596
23938597
23938598
23938599
23938600
23938601
23938602
23938603
23938604
23938371
23938372
23938373
23938374
23938377
23938378
23938379
23938380
23938381
23938382
23938383
23938384
23938385
23938386
23938387
23938388
23938389
23938390
23938391
23938392
23938393
23938394
23938395
23938396
23938397
23938398
23938399
23938400
23938401
23938402
23938403
23938404
23938405
23938406
23938407
23938408
23938409
23938410
23938411
23938412
23938413
23938414
23938415
23938416
23938417
23938418
23938419
23938420
23938421
23938422
23938423
23938424
23938425
23938426
23938427
23938428
23938429
23938430
23938431
23938432
23938433
23938434
23938435
23938436
23938437
23938438
23938439
23938440
23938441
23938442
23938443
23938444
23938445
23938446
23938447
23938448
23938605
23938606
23938607
23938608
23938609
23938610
23938611
23938612
23938613
23938614
23938615
23938616
23938617
23938618
23938619
23938620
23938621
23938622
23938623
23938624
23938625
23938626
23938627
23938628
23938629
23938630
23938631
23938632
23938633
23938634
23938635
23938636
23938637
23938638
23938639
23938640
23938641
23938642
23938643
23938644
23938645
23938646
23938647
23938648
23938649
23938650
23938651
23938652
23938653
23938654
23938655
23938656
23938657
23938658
23938659
23938660
23938661
23938662
23938663
23938664
23938665
23938666
23938667
23938668
23938669
23938670
23938671
23938672
23938673
23938674
23938675
23938676
23938677
23938678
23938679
23938680
23938757
23938758
23938759
23938760
23938761
23938762
23938763
23938764
23938765
23938766
23938767
23938768
23938769
23938770
23938771
23938772
23938773
23938774
23938775
23938776
23938777
23938778
23938779
23938780
23938781
23938782
23938783
23938784
23938785
23938786
23938787
23938788
23938789
23938790
23938791
23938792
23938793
23938794
23938795
23938796
23938797
23938798
23938799
23938800
